   id             ra            dec              x              y          major          minor         orient        offaxis            azi      srccounts         ctrate     ctrate_err           flux            sig       p(point)  sizetest pntcon?  r1con?
    1      24.905296     -54.616888        407.833        204.833        3.14512        3.14512        468.853      11.593205      260.16858      34.452956  0.00032508288    5.77779e-05  3.2508288e-15  2.5277903e-11     0.73500000        ok      ok      ok
    2      25.412903     -54.505376        164.333        297.333        3.18445        3.18445        293.891      7.3087339      85.206025      19.310798  0.00020345624    4.49574e-05  2.0345624e-15  1.5115427e-05     0.79000000        ok      ok      ok
    3      25.083357     -54.723201        322.333        117.125        3.10282        3.10282        514.719      11.175404      306.03480      132.05783   0.0012389017    9.78036e-05  1.2389017e-14  4.3974384e-84    0.060000000        ok      ok      ok
    4      25.175068     -54.721609        278.500        118.500        2.91548        2.91548        530.945      10.131685      322.26022      22.356443  0.00019930328    4.49091e-05  1.9930328e-15  1.1889670e-05     0.69500000        ok      ok      ok
    5      25.053030     -54.715873        336.842        123.158        3.18464        3.18464        508.933      11.286631      300.24826      101.94554  0.00096646563    8.55862e-05  9.6646565e-15  4.6144827e-57     0.42500000        ok      ok      ok
    6      25.295017     -54.710752        221.158        127.474        2.89026        2.89026        555.320      9.6994736      346.63551      120.73334   0.0011686634    9.26728e-05  1.1686634e-14  1.0042866e-65    0.045000000        ok      ok      ok
    7      24.917276     -54.673777        401.889        157.778        3.12771        3.12771        484.180      12.740926      275.49529      42.856820  0.00044366380    6.55829e-05  4.4366381e-15  1.5370957e-15     0.82000000        ok      ok      ok
    8      25.048909     -54.672498        338.900        159.050        3.02697        3.02697        499.787      9.2523276      291.10246      113.20207  0.00099716061    8.48211e-05  9.9716063e-15  1.1878446e-67     0.79000000        ok      ok      ok
    9      25.044598     -54.654773        341.000        173.714        2.98359        2.98359        494.417      8.5764011      285.73231      30.717417  0.00026644738    4.74966e-05  2.6644738e-15  2.9694402e-11     0.94500000        ok      ok      ok
   10      25.331166     -54.644394        203.789        182.368        3.21169        3.21169        215.415      6.5952923      6.7307093      120.01816   0.0011254254    9.35514e-05  1.1254254e-14  5.1047745e-52     0.16000000        ok      ok      ok
   11      25.078080     -54.636950        325.000        188.500        3.16228        3.16228        494.795      6.9977503      286.11035      35.481095  0.00028511543    5.43365e-05  2.8511543e-15  6.5244409e-12     0.73500000        ok      ok      ok
   12      25.294946     -54.633840        221.125        191.125        3.89310        3.89310        568.420      5.3896509      359.73542      45.412561  0.00036154394    6.44030e-05  3.6154395e-15  6.3449890e-06     0.70000000        ok      ok      ok
   13      25.038326     -54.633647        344.048        191.190        3.15380        3.15380        486.727      7.9187106      278.04222      108.75472  0.00074667803    6.58355e-05  7.4667804e-15  1.2409012e-53     0.96000000        ok      ok      ok
   14      24.960342     -54.634700        381.400        190.200        3.13847        3.13847        477.964      10.251773      269.27902      16.758050  0.00014059022    3.95264e-05  1.4059023e-15  9.0897608e-05     0.71000000        ok      ok      ok
   15      25.088555     -54.626087        320.000        197.500        3.16228        3.16228        492.902      6.2842063      284.21697      32.356649  0.00022503324    4.32669e-05  2.2503325e-15  2.2317188e-08    0.010000000        ok      ok      ok
   16      25.117614     -54.618524        306.087        203.783        3.32289        3.32289        496.759      5.2471114      288.07425      178.55030   0.0016503027    0.000122269  1.6503027e-14  4.4671059e-91     0.30000000        ok      ok      ok
   17      24.849734     -54.607467        434.500        212.500        3.16228        3.16228        463.887      13.293120      255.20225      29.443119  0.00031380470    5.83690e-05  3.1380471e-15  4.7128080e-09     0.55000000        ok      ok      ok
   18      25.476621     -54.600153        134.000        218.800        3.08059        3.08059        252.892      9.2928423      44.207704      32.442094  0.00044495011    7.66577e-05  4.4495012e-15  2.1974526e-12     0.33500000        ok      ok      ok
   19      25.222138     -54.600785        256.000        218.500        3.53553        3.53553        540.762      2.7556599      332.07780      71.701652  0.00037189059    4.80856e-05  3.7189060e-15  2.7389446e-07     0.99500000        ok      ok      ok
   20      24.957718     -54.588536        382.800        228.400        2.98327        2.98327        462.546      9.3803263      253.86167      20.972002  0.00018832639    4.36302e-05  1.8832639e-15  5.8164674e-06     0.49000000        ok      ok      ok
   21      24.898957     -54.582836        411.000        233.000        3.16228        3.16228        458.651      11.329734      249.96641      119.42810   0.0010863276    9.44973e-05  1.0863276e-14  7.7446263e-63     0.95000000        ok      ok      ok
   22      25.012627     -54.575835        356.500        239.000        3.16228        3.16228        459.930      7.3598404      251.24541      65.938013  0.00043462858    5.45173e-05  4.3462859e-15  1.1010849e-22     0.87000000        ok      ok      ok
   23      25.178361     -54.574194        277.000        240.500        3.20156        3.20156        487.989      1.8852766      279.30476      349.17897   0.0018536555    8.41823e-05  1.8536556e-14 1.5293647e-162     0.65500000        ok      ok      ok
   24      25.351332     -54.558423        194.000        253.500        2.91548        2.91548        267.247      4.5369024      58.562331      197.01901   0.0015844943    9.86890e-05  1.5844943e-14 9.5660844e-140     0.34500000        ok      ok      ok
   25      24.808911     -54.556961        454.312        254.188        4.51537        4.51537        450.671      14.341939      241.98673      64.326059  0.00092636196    0.000130563  9.2636198e-15  6.0448987e-22     0.23000000        ok      ok      ok
   26      25.360317     -54.519671        189.625        285.562        3.06552        3.06552        293.482      5.2866869      84.797905      76.849317  0.00060882090    6.61221e-05  6.0882091e-15  4.1623328e-36     0.73000000        ok      ok      ok
   27      25.148001     -54.514832        291.615        289.615        3.57721        3.57721        406.679      3.4987408      197.99471      119.48375   0.0010686344    0.000103608  1.0686344e-14  1.3328329e-28     0.86500000        ok      ok      ok
   28      25.499632     -54.510901        122.676        292.622        3.12697        3.12697        285.102      10.049761      76.417903      2057.2790    0.025172136    0.000434600  2.5172137e-13      0.0000000    0.015000000        ok      ok      ok
   29      25.130973     -54.510730        299.800        293.000        3.08059        3.08059        409.871      4.1052054      201.18669      100.60600  0.00079887924    7.91441e-05  7.9887925e-15  3.9730422e-22     0.47000000        ok      ok      ok
   30      24.972385     -54.508696        376.000        294.500        3.16228        3.16228        432.361      9.0907145      223.67689      163.63181   0.0013615429    9.97908e-05  1.3615429e-14  4.0179514e-99     0.18500000        ok      ok      ok
   31      25.010148     -54.501065        357.875        300.875        3.18689        3.18689        426.361      8.0224318      217.67645      34.228905  0.00027332281    4.87393e-05  2.7332282e-15  1.3738960e-08     0.84500000        ok      ok      ok
   32      25.515648     -54.484359        114.889        314.556        3.16029        3.16029        292.289      11.096322      83.604678      34.656920  0.00048529002    8.15656e-05  4.8529003e-15  3.2920907e-10    0.045000000        ok      ok      ok
   33      25.132782     -54.482457        298.960        316.400        3.25601        3.25601        395.330      5.3225497      186.64520      361.74136   0.0024356134    0.000110915  2.4356134e-14 2.3593755e-190     0.32000000        ok      ok      ok
   34      25.423879     -54.480739        159.000        317.708        3.26638        3.26638        302.116      8.3463487      93.431028      162.01616   0.0017695782    0.000125819  1.7695782e-14 3.1272926e-112     0.37500000        ok      ok      ok
   35      25.320126     -54.471906        208.875        325.125        3.18689        3.18689        325.234      6.0559378      116.54971      31.399249  0.00025847927    4.47663e-05  2.5847928e-15  1.1193816e-09     0.52000000        ok      ok      ok
   36      25.388677     -54.462382        175.889        332.944        3.41767        3.41767        313.476      8.0543112      104.79141      90.439453  0.00091687295    9.32813e-05  9.1687297e-15  4.9405052e-47    0.015000000        ok      ok      ok
   37      24.989301     -54.461863        368.000        333.286        3.81888        3.81888        415.447      9.8146314      206.76226      27.270210  0.00057679126    0.000131122  5.7679127e-15  1.8736381e-09     0.12000000        ok      ok      ok
   38      25.057572     -54.447065        335.188        345.625        3.19984        3.19984        401.441      8.6190089      192.75629      67.649516  0.00060303104    6.95267e-05  6.0303105e-15  2.8662424e-28     0.62000000        ok      ok      ok
   39      25.267230     -54.421339        234.286        367.000        2.78600        2.78600        348.630      8.1712032      139.94522      27.770727  0.00032564511    5.34789e-05  3.2564512e-15  1.3718247e-10     0.91000000        ok      ok      ok
   40      25.343995     -54.413884        197.312        373.125        3.16022        3.16022        333.089      9.4817005      124.40392      68.565850  0.00080333413    9.07340e-05  8.0333415e-15  2.0617327e-31     0.90500000        ok      ok      ok
   41      25.310659     -54.411538        213.364        375.091        3.19183        3.19183        340.008      9.1487057      131.32384      47.909344  0.00053125900    7.74418e-05  5.3125901e-15  4.0874403e-19     0.86500000        ok      ok      ok
   42      24.889339     -54.398337        416.333        385.667        3.13095        3.13095        411.057      14.898245      202.37269      18.110763  0.00028473427    6.95967e-05  2.8473428e-15  3.1648086e-06     0.22500000        ok      ok      ok
   43      25.409490     -54.388576        165.714        394.000        3.10126        3.10126        326.562      11.945530      117.87739      35.309386  0.00054212448    9.02583e-05  5.4212449e-15  1.5403530e-13     0.96000000        ok      ok      ok
   44      25.128387     -54.366212        301.200        412.600        2.80178        2.80178        375.978      11.771598      167.29336      27.338723  0.00038394567    7.20111e-05  3.8394568e-15  4.6472728e-10     0.81000000        ok      ok      ok
   45      25.085356     -54.361679        321.955        416.318        2.78641        2.78641        382.271      12.520387      173.58640      85.376561   0.0012939091    0.000118935  1.2939091e-14  4.1661775e-57     0.33500000        ok      ok      ok
   46      25.046054     -54.353787        340.923        422.808        3.04495        3.04495        386.913      13.521342      178.22838      139.38393   0.0021311302    0.000161574  2.1311302e-14 5.5031196e-108   0.0050000000        ok      ok      ok
   47      24.828559     -54.477503        445.250        320.000        3.13249        3.13249        431.407      14.437500      222.72229      26.856783  0.00038396697    8.16174e-05  3.8396698e-15  1.0546290e-07     0.97500000        ok      ok      ok
   48      25.125624     -54.634441        302.231        190.615        3.23303        3.23303        505.241      5.8146569      296.55648      40.159513  0.00024492059    3.89241e-05  2.4492060e-15  2.1160427e-09    0.030000000        ok      ok      ok
   49      25.412207     -54.505377        164.667        297.333        3.06396        3.06396        293.968      7.2865993      85.283141      19.967984  0.00021159965    4.49515e-05  2.1159965e-15  6.7616093e-06     0.98500000        ok      ok      ok
   50      24.861771     -54.421418        429.517        366.500        4.02906        4.02906        417.553      14.863673      208.86870      22.071568  0.00057525650    0.000150366  5.7525652e-15  2.2278288e-07    0.015000000        ok      ok      ok
   51      25.558187     -54.435646        94.2444        354.778        3.20579        3.20579        301.201      13.753268      92.516270      19.992830  0.00057448301    0.000135914  5.7448302e-15  3.6305318e-09     0.12500000        ok      ok      ok
   52      24.970649     -54.484728        376.905        314.333        3.62232        1.93169       -237.515      9.6835619      215.66063      142.63056  0.00097141008    0.000115000  9.7141010e-15  4.4343337e-50        0.00000   psfsize      ok      ok
   53      25.172837     -54.309737        279.800        459.360        3.94128        1.98693        7.03346      14.803582      157.86614      136.20866   0.0030250125    0.000346772  3.0250125e-14  2.6978921e-76        0.00000   psfsize      ok      ok
   54      25.543459     -54.400377        101.200        384.000        2.71910        1.11647        25.6701      14.567749      100.69882      67.984053   0.0015281423    0.000241759  1.5281424e-14  9.7437433e-28        0.00000   psfsize      ok      ok
   55      25.491830     -54.496256        126.378        304.756        8.52207        6.11645       -228.809      10.061923      81.659771      186.91781   0.0017633663    0.000235646  1.7633663e-14  1.6438113e-39        0.00000        ok      ok      ok
   56      25.244563     -54.612530        245.253        208.778        27.9808        22.6428        87.6159      3.5551334      344.58173      12433.138    0.064806372    0.000883528  6.4806374e-13      0.0000000        0.00000        ok      ok      ok
   57      25.128305     -54.522403        301.069        283.338        25.1847        17.3443        12.5174      3.7712932      210.26258      4826.7822    0.026987197    0.000627529  2.6987198e-13      0.0000000        0.00000        ok      ok      ok
