id    ra              dec             x               y               major           minor           orient          offaxis         azi             srccounts       ctrate          ctrate_err      flux            sig             p(point)          sizetest pntcon?  r1con?
1     24.9893         -54.4619        368             333.286         4.07232         4.07232         415.447         9.81463         206.762         26.2766         0.000545094     0.000131007     5.45094e-15     2.35408e-08     0.33                    ok      ok      ok
2     24.9053         -54.6169        407.833         204.833         3.14512         3.14512         468.853         11.5932         260.169         33.9755         0.000320393     5.6956e-05      3.20393e-15     6.1411e-11      0.82                    ok      ok      ok
3     25.4129         -54.5054        164.333         297.333         3.18446         3.18446         246.109         7.30873         37.4248         19.3258         0.000203613     4.49574e-05     2.03613e-15     1.48389e-05     0.845                   ok      ok      ok
4     25.0834         -54.7232        322.333         117.125         3.10282         3.10282         514.719         11.1754         306.035         132.793         0.00124587      9.78359e-05     1.24587e-14     1.64775e-86     0.05                    ok      ok      ok
5     25.1751         -54.7216        278.5           118.5           2.91548         2.91548         530.945         10.1317         322.26          22.5555         0.000201074     4.49091e-05     2.01074e-15     9.61887e-06     0.765                   ok      ok      ok
6     25.053          -54.7159        336.842         123.158         3.18464         3.18464         508.933         11.2866         300.248         101.805         0.000965131     8.52906e-05     9.65131e-15     1.01917e-56     0.57                    ok      ok      ok
7     25.295          -54.7108        221.158         127.474         2.89027         2.89027         555.32          9.69947         346.636         120.591         0.00120009      9.26626e-05     1.20009e-14     7.24096e-67     0.045                   ok      ok      ok
8     24.9173         -54.6738        401.889         157.778         3.12772         3.12772         484.18          12.7409         275.495         43.5258         0.000450483     6.55784e-05     4.50483e-15     3.07872e-16     0.805                   ok      ok      ok
9     25.0489         -54.6725        338.9           159.05          3.02696         3.02696         499.787         9.25233         291.102         111.21          0.000982098     8.41176e-05     9.82098e-15     1.21974e-67     0.885                   ok      ok      ok
10    25.0446         -54.6548        341             173.714         2.98359         2.98359         494.417         8.5764          285.732         31.0021         0.000274462     4.74792e-05     2.74462e-15     1.57143e-11     0.95                    ok      ok      ok
11    25.3312         -54.6444        203.789         182.368         3.21169         3.21169         215.415         6.59529         6.73071         116.664         0.00109399      9.20639e-05     1.09399e-14     6.29806e-52     0.28                    ok      ok      ok
12    25.0781         -54.637         325             188.5           2.91548         2.91548         494.795         6.99775         286.11          36.5001         0.000306614     5.29965e-05     3.06614e-15     4.32805e-14     0.755                   ok      ok      ok
13    25.2949         -54.6338        221.125         191.125         3.8931          3.8931          568.42          5.38965         359.735         43.5335         0.000351932     6.40747e-05     3.51932e-15     1.57464e-05     0.98                    ok      ok      ok
14    25.0383         -54.6336        344.048         191.19          3.15379         3.15379         486.727         7.91871         278.042         107.913         0.000747439     6.51512e-05     7.47439e-15     2.3202e-54      0.985                   ok      ok      ok
15    24.9603         -54.6347        381.4           190.2           3.13847         3.13847         477.964         10.2518         269.279         16.6157         0.000139356     3.93406e-05     1.39356e-15     7.411e-05       0.755                   ok      ok      ok
16    25.0886         -54.6261        320             197.5           3.04138         3.04138         492.902         6.28421         284.217         32.6285         0.000239209     4.25672e-05     2.39209e-15     9.89598e-09     0.535                   ok      ok      ok
17    25.1176         -54.6185        306.087         203.783         3.59356         3.59356         496.759         5.24711         288.074         188.069         0.00167201      0.000124709     1.67201e-14     5.47306e-94     0.23                    ok      ok      ok
18    24.8497         -54.6075        434.5           212.5           3.16228         3.16228         463.887         13.2931         255.202         29.3306         0.000312603     5.8369e-05      3.12603e-15     5.65279e-09     0.64                    ok      ok      ok
19    25.4766         -54.6002        134             218.8           3.02324         3.02324         252.892         9.29284         44.2077         32.5225         0.000444077     7.64269e-05     4.44077e-15     7.23981e-13     0.925                   ok      ok      ok
20    25.2221         -54.6008        256             218.5           3.53553         3.53553         540.762         2.75566         332.078         70.0357         0.000363243     4.78522e-05     3.63243e-15     5.31145e-07     1.0                     ok      ok      ok
21    24.9577         -54.5885        382.8           228.4           2.98329         2.98329         462.546         9.38033         253.862         21.9894         0.000200079     4.39006e-05     2.00079e-15     1.57433e-06     0.285                   ok      ok      ok
22    24.899          -54.5828        411             233             3.16228         3.16228         458.651         11.3297         249.966         114.964         0.00104557      9.24158e-05     1.04557e-14     5.2079e-68      0.945                   ok      ok      ok
23    25.0126         -54.5758        356.5           239             3.16228         3.16228         459.93          7.35984         251.245         63.8493         0.000422146     5.33542e-05     4.22146e-15     1.70733e-23     0.96                    ok      ok      ok
24    25.1784         -54.5742        277             240.5           3.20156         3.20156         487.989         1.88528         279.305         349.92          0.00185761      8.42132e-05     1.85761e-14     6.2558e-164     0.585                   ok      ok      ok
25    25.3513         -54.5584        194             253.5           3.04138         3.04138         267.247         4.5369          58.5623         199.038         0.00166747      9.93735e-05     1.66747e-14     2.41235e-133    0.1                     ok      ok      ok
26    24.8089         -54.557         454.312         254.188         4.51538         4.51538         450.671         14.3419         241.987         61.9288         0.000905937     0.000128768     9.05937e-15     5.4445e-21      0.195                   ok      ok      ok
27    25.3603         -54.5197        189.625         285.562         3.06553         3.06553         246.518         5.28669         37.8329         76.5744         0.000606609     6.61222e-05     6.06609e-15     1.23403e-35     0.695                   ok      ok      ok
28    25.148          -54.5148        291.615         289.615         3.57721         3.57721         406.679         3.49874         197.995         116.22          0.00102348      0.000100412     1.02348e-14     9.54371e-28     0.92                    ok      ok      ok
29    25.4996         -54.5109        122.676         292.622         3.12696         3.12696         254.898         10.0498         46.2129         2038.83         0.0249436       0.000432207     2.49436e-13     0               0.02                    ok      ok      ok
30    25.131          -54.5107        299.8           293             3.08058         3.08058         409.871         4.10521         201.187         98.3012         0.000807673     7.94332e-05     8.07673e-15     3.24072e-22     0.335                   ok      ok      ok
31    24.9724         -54.5087        376             294.5           3.16228         3.16228         432.361         9.09071         223.677         157.474         0.00131082      9.76922e-05     1.31082e-14     1.07155e-99     0.235                   ok      ok      ok
32    25.0101         -54.5011        357.875         300.875         3.18689         3.18689         426.361         8.02243         217.676         33.8914         0.000272226     4.86623e-05     2.72226e-15     2.06905e-08     0.78                    ok      ok      ok
33    24.9706         -54.4847        376.905         314.333         3.0843          3.0843          424.345         9.68356         215.661         88.9379         0.000845453     8.09031e-05     8.45453e-15     1.62125e-47     0.02                    ok      ok      ok
34    25.5156         -54.4844        114.889         314.556         3.16029         3.16029         247.711         11.0963         39.0261         30.5882         0.000435002     7.72017e-05     4.35002e-15     4.9935e-09      0.05                    ok      ok      ok
35    25.1328         -54.4825        298.96          316.4           3.25601         3.25601         395.33          5.32255         186.645         361.25          0.00249836      0.000110806     2.49836e-14     4.39339e-192    0.355                   ok      ok      ok
36    25.4239         -54.4807        159             317.708         3.26638         3.26638         237.884         8.34635         29.1998         160.936         0.0017562       0.000124983     1.7562e-14      1.27031e-116    0.32                    ok      ok      ok
37    25.3201         -54.4719        208.875         325.125         3.18689         3.18689         214.766         6.05594         6.08112         30.7189         0.000260912     4.47663e-05     2.60912e-15     3.36473e-09     0.59                    ok      ok      ok
38    25.3887         -54.4624        175.889         332.944         3.41767         3.41767         226.524         8.05431         17.8394         90.3871         0.000926904     9.32813e-05     9.26904e-15     6.37363e-47     0.01                    ok      ok      ok
39    25.0576         -54.4471        335.188         345.625         3.19984         3.19984         401.441         8.61901         192.756         63.9584         0.000569885     6.76432e-05     5.69885e-15     6.52635e-27     0.415                   ok      ok      ok
40    25.2672         -54.4213        234.286         367             2.786           2.786           551.37          8.1712          342.686         28.0216         0.000327055     5.39462e-05     3.27055e-15     7.65404e-11     0.87                    ok      ok      ok
41    25.344          -54.4139        197.312         373.125         3.16022         3.16022         566.911         9.4817          358.227         69.3367         0.000819776     9.073e-05       8.19776e-15     1.0479e-32      0.84                    ok      ok      ok
42    25.3107         -54.4115        213.364         375.091         3.21291         3.21291         559.992         9.14871         351.307         47.7454         0.000545876     7.74418e-05     5.45876e-15     6.46081e-19     0.94                    ok      ok      ok
43    24.8893         -54.3983        416.333         385.667         3.13094         3.13094         411.057         14.8982         202.373         18.8913         0.000300352     6.94522e-05     3.00352e-15     9.5471e-07      0.19                    ok      ok      ok
44    25.4095         -54.3886        165.714         394             3.10126         3.10126         213.438         11.9455         4.75344         35.8029         0.000549771     9.06918e-05     5.49771e-15     4.42756e-14     0.965                   ok      ok      ok
45    25.1284         -54.3662        301.2           412.6           2.80179         2.80179         375.978         11.7716         167.293         27.2259         0.000382289     7.19289e-05     3.82289e-15     5.91232e-10     0.73                    ok      ok      ok
46    25.0854         -54.3617        321.955         416.318         2.78642         2.78642         382.271         12.5204         173.586         85.918          0.00130159      0.000119449     1.30159e-14     4.94043e-59     0.375                   ok      ok      ok
47    25.0461         -54.3538        340.923         422.808         3.04496         3.04496         386.913         13.5213         178.228         139.602         0.00220294      0.000161574     2.20294e-14     4.48759e-109    0.01                    ok      ok      ok
48    24.8286         -54.4775        445.25          320             3.09233         3.09233         431.407         14.4375         222.722         26.6081         0.000394696     8.13114e-05     3.94696e-15     1.49001e-07     0.835                   ok      ok      ok
49    25.1256         -54.6344        302.231         190.615         3.23305         3.23305         505.241         5.81466         296.556         39.6319         0.000242538     3.8808e-05      2.42538e-15     2.7234e-09      0.025                   ok      ok      ok
50    25.4122         -54.5054        164.667         297.333         3.06395         3.06395         246.032         7.2866          37.3477         20.5769         0.000217847     4.54366e-05     2.17847e-15     2.97403e-06     0.945                   ok      ok      ok
51    24.8618         -54.4214        429.517         366.5           4.02906         4.02906         417.553         14.8637         208.869         22.1392         0.0005836       0.000150366     5.836e-15       1.98627e-07     0.005                   ok      ok      ok
52    25.5582         -54.4356        94.2444         354.778         3.20578         3.20578         238.799         13.7533         30.1146         19.8277         0.000576257     0.000135896     5.76257e-15     5.78781e-09     0.14                    ok      ok      ok
53    25.1728         -54.3097        279.8           459.36          3.94128         1.98693         -172.967        14.8036         157.866         136.229         0.00302557      0.00034618      3.02557e-14     1.17392e-76     0.0                psfsize      ok      ok
54    25.5435         -54.4004        101.2           384             2.7191          1.11647         -154.33         14.5677         21.932          69.1946         0.00155511      0.000241707     1.55511e-14     6.85621e-28     0.0                psfsize      ok      ok
55    25.4918         -54.4963        126.378         304.756         8.52207         6.11645         131.191         10.0619         40.9711         190.087         0.0017949       0.000237659     1.7949e-14      8.12794e-40     0.0                     ok      ok      ok
56    25.2446         -54.6125        245.249         208.773         27.9648         22.4923         88.7631         3.55552         344.584         12309.6         0.0641298       0.000879846     6.41298e-13     0               0.0                     ok      ok      ok
57    25.1283         -54.5223        301.075         283.39          25.093          17.3531         -166.665        3.77357         210.217         4880.18         0.0273616       0.000630477     2.73616e-13     0               0.0                     ok      ok      ok
